0.202055901288986206
0.132264509797096252
0.053268730640411377
0.109002090990543365
0.072134859859943390
0.307635784149169922
0.504580020904541016
0.655520677566528320
0.651720643043518066
0.705196559429168701
0.787802219390869141
0.885505974292755127
0.929788947105407715
0.959217011928558350
0.978744328022003174
0.986991643905639648
0.992439985275268555
0.994991004467010498
0.997056841850280762
0.998142719268798828
0.998746991157531738
0.999021768569946289
0.999159932136535645
0.999340355396270752
0.999525666236877441
0.999626874923706055
0.999700665473937988
0.999731004238128662
0.999737799167633057
0.999722301959991455
0.999756991863250732
0.999779164791107178
